49539
49219
22661
36219
20732
46997
41090
17484
47775
23709
25425
23167
24323
40133
20757
45625
43887
48739
37403
36198
42420
49714
24323
49877
33840
23351
41606
23177
47146
21377
23713
22724
44915
26475
42112
44718
45139
31880
18167
34948
33386
39597
19127
31043
44451
48312
29777
20145
43939
31312
32712
36100
18449
38602
27808
41959
33703
35977
34492
20389
41165
24554
30537
45618
31087
49880
35107
17729
38448
43649
28535
23709
47219
35528
18810
49263
32826
20281
40415
22297
18832
34596
28830
40509
23636
40878
17715
43977
36129
42744
34494
40766
37934
47154
26390
35998
30645
28131
33737
38760
