74277
73799
33964
54300
31069
70466
61605
26198
71632
35535
38108
34723
36456
60171
31108
68406
65801
73078
56075
54267
63601
74541
36456
74785
50732
34998
62381
34737
70690
32036
35541
34058
67341
39685
63138
67049
67677
47790
27222
52392
50050
59367
28663
46535
66646
72439
44635
30190
65879
46938
49038
54121
27646
57872
41685
62910
50527
53937
51708
30555
61718
36803
45777
68397
46601
74789
52633
26566
57643
65442
42774
35535
70797
53262
28188
73865
49212
30394
60592
33417
28220
51866
43216
60735
35425
61289
26546
65935
54165
64086
51712
61118
56873
70702
39557
53969
45941
42169
50576
58111
